Association of Washington Cities,City of Olympia,12
Association of Washington Cities,WDNR,1
Association of Washington Cities,City of Bellevue,6
Association of Washington Cities,WA State Association of Counties,21
Association of Washington Cities,WDOE,7
Association of Washington Cities,City of Redmond,7
Association of Washington Cities,City of Bellingham,1
Association of Washington Cities,City of Lacey,6
Association of Washington Cities,City of Bremerton,1
Association of Washington Cities,PSP,3
Association of Washington Cities,USEPA,1
Association of Washington Cities,UW,2
Association of Washington Cities,City of Kirkland,8
Association of Washington Cities,City of Lake Stevens,3
Association of Washington Cities,City of Kent,2
Association of Washington Cities,Port of Tacoma,1
Association of Washington Cities,City of Everett,3
Association of Washington Cities,City of Bothell,3
Association of Washington Cities,City of Seattle,7
Association of Washington Cities,WDOH,5
Association of Washington Cities,City of Bainbridge Island,2
Association of Washington Cities,Snohomish County,1
Association of Washington Cities,City of Puyallup,3
Association of Washington Cities,Futurewise,3
Association of Washington Cities,City of Snohomish,2
Association of Washington Cities,City of Arlington,2
Association of Washington Cities,City of Oak Harbor,1
Bainbridge Beach Naturalists,Sierra Club,24
Bainbridge Beach Naturalists,National Wildlife Federation,1
Bainbridge Beach Naturalists,USEPA,7
Bainbridge Beach Naturalists,Washington Environmental Council,3
Bainbridge Beach Naturalists,USACOE,1
Bainbridge Beach Naturalists,WDOE,3
Bainbridge Beach Naturalists,NPS,2
Bainbridge Beach Naturalists,City of Bainbridge Island,1
Bainbridge Beach Naturalists,The Nature Conservancy,2
Bainbridge Beach Naturalists,Futurewise,2
Bainbridge Beach Naturalists,Kitsap County,2
Bainbridge Beach Naturalists,PSP,1
Bainbridge Beach Naturalists,King County,1
Citizens for a Healthy Bay,Port of Tacoma,114
Citizens for a Healthy Bay,Pierce County,13
Citizens for a Healthy Bay,WDOE,64
Citizens for a Healthy Bay,USEPA,11
Citizens for a Healthy Bay,OrcaNet,4
Citizens for a Healthy Bay,NOAA,8
Citizens for a Healthy Bay,Puget Soundkeeper Alliance ,19
Citizens for a Healthy Bay,UW,4
Citizens for a Healthy Bay,UW Tacoma,18
Citizens for a Healthy Bay,Sierra Club,2
Citizens for a Healthy Bay,Point Defiance Zoo & Aquarium,3
Citizens for a Healthy Bay,Seattle Audubon,1
Citizens for a Healthy Bay,City of Seattle,1
Citizens for a Healthy Bay,Washington Sea Grant,5
Citizens for a Healthy Bay,King County,1
Citizens for a Healthy Bay,Surfrider Foundation,4
Citizens for a Healthy Bay,NMFS,5
Citizens for a Healthy Bay,Washington Environmental Council,1
Citizens for a Healthy Bay,PSP,5
Citizens for a Healthy Bay,Taylor Shellfish Farms,6
Citizens for a Healthy Bay,WDNR,4
Citizens for a Healthy Bay,NWIFC,3
Citizens for a Healthy Bay,WDFW,1
Citizens for a Healthy Bay,SeaDoc Society,1
Citizens for a Healthy Bay,USDA,1
Citizens for a Healthy Bay,Seattle Aquarium,2
Citizens for a Healthy Bay,Lummi Tribe,1
Citizens for a Healthy Bay,Puget Sound Institute,2
Citizens for a Healthy Bay,Harbor Wildwatch,2
Citizens for a Healthy Bay,WDOH,1
Citizens for a Healthy Bay,USACOE,1
Citizens for a Healthy Bay,The Nature Conservancy,2
City of Arlington,Snohomish County,10
City of Bainbridge Island,WDNR,1
City of Bellevue,King County,12
City of Bellevue,City of Bellingham,1
City of Bellevue,City of Kirkland,5
City of Bellevue,City of Redmond,1
City of Bellevue,City of Seattle,3
City of Bellevue,King Conservation District,1
City of Bellevue,UW,3
City of Bellevue,City of Newcastle,1
City of Bellevue,City of Olympia,1
City of Bellevue,Futurewise,4
City of Bonney Lake,Pierce County,5
City of Bonney Lake,WDNR,1
City of Bothell,Snohomish County,6
City of Bothell,City of Arlington,1
City of Bothell,City of Seattle,1
City of Bothell,Feet First,1
City of Bothell,UW,1
City of Bothell,Association of Washington Cities,1
City of Everett,Snohomish County,19
City of Everett,City of Seattle,1
City of Everett,City of Lake Stevens,1
City of Everett,WDOE,4
City of Everett,City of Mukilteo,1
City of Everett,USEPA,1
City of Everett,City of Bellevue,1
City of Kirkland,City of Bellevue,4
City of Kirkland,City of Redmond,4
City of Kirkland,WDOH,1
City of Kirkland,WDFW,2
City of Kirkland,NPS,1
City of Kirkland,Association of Washington Cities,8
City of Kirkland,King County,14
City of Kirkland,WSP,2
City of Kirkland,WDOE,1
City of Kirkland,WDNR,6
City of Kirkland,Feet First,1
City of Lacey,Thurston County,17
City of Lacey,City of Olympia,6
City of Lacey,Association of Washington Cities,1
City of Lacey,Thurston Conservation District,1
City of Lacey,City of Bremerton,1
City of Lacey,King County,1
City of Lake Stevens,City of Everett,1
City of Lake Stevens,City of Arlington,1
City of Lake Stevens,City of Snohomish,1
City of Lake Stevens,Association of Washington Cities,1
City of Lake Stevens,City of Redmond,1
City of Mukilteo,City of Everett,1
City of Mukilteo,City of Bellingham,1
City of Mukilteo,Snohomish County,2
City of Newcastle,King County,1
City of Newcastle,City of Bellevue,1
City of Olympia,City of Lacey,22
City of Olympia,Thurston County,22
City of Olympia,Nisqually Tribe,1
City of Olympia,Association of Washington Cities,4
City of Olympia,City of Bremerton,1
City of Olympia,USEPA,1
City of Olympia,City of Seattle,2
City of Olympia,WDOE,1
City of Olympia,King County,1
City of Puyallup,Pierce County,23
City of Puyallup,WDNR,7
City of Puyallup,City of Bonney Lake,1
City of Puyallup,City of Redmond,1
City of Puyallup,Stewardship Partners,2
City of Puyallup,WDFW,2
City of Puyallup,WDOH,3
City of Puyallup,PSP,3
City of Puyallup,Port of Tacoma,1
City of Puyallup,WDOE,1
City of Redmond,WDOH,2
City of Redmond,City of Bothell,1
City of Redmond,City of Bellevue,4
City of Redmond,City of Kirkland,6
City of Redmond,City of Seattle,2
City of Redmond,UW,1
City of Redmond,Snohomish County,1
City of Redmond,Feet First,4
City of Redmond,King County,15
City of Redmond,City of Puyallup,3
City of Redmond,Pierce County,1
City of Seattle,City of Everett,1
City of Seattle,UW,12
City of Seattle,Seattle Aquarium,24
City of Seattle,National Wildlife Federation,1
City of Seattle,King County,30
City of Seattle,USEPA,1
City of Seattle,WDOE,1
City of Seattle,Feet First,3
City of Seattle,WDOH,2
City of Seattle,Snohomish County,2
City of Seattle,City of Arlington,1
City of Seattle,WDNR,3
City of Seattle,WSP,1
City of Seattle,City of Snohomish,2
City of Snohomish,Snohomish County,5
City of Snohomish,City of Lake Stevens,1
City of Snohomish,City of Arlington,1
City of Snohomish,City of Seattle,2
Environmental Coaliton of South Seattle,USEPA,1
Environmental Coaliton of South Seattle,National Wildlife Federation,1
Environmental Coaliton of South Seattle,Washington Environmental Council,5
Environmental Coaliton of South Seattle,SeaDoc Society,1
Environmental Coaliton of South Seattle,Surfrider Foundation,1
Environmental Coaliton of South Seattle,PSP,2
Feet First,City of Seattle,9
Feet First,Futurewise,4
Feet First,NPS,4
Feet First,City of Bothell,2
Feet First,UW,2
Feet First,UW Tacoma,1
Feet First,City of Redmond,19
Feet First,City of Kirkland,3
Feet First,WDOH,2
Feet First,City of Edmonds,1
Feet First,City of Bremerton,1
Feet First,City of Bonney Lake,2
Feet First,City of Mukilteo,1
Feet First,King County,3
Feet First,City of Bellevue,3
Feet First,WSP,1
Feet First,Washington Environmental Council,1
Feet First,National Wildlife Federation,1
Feet First,PSP,1
Feiro Marine Life Center,National Park Service,18
Feiro Marine Life Center,PSP,4
Feiro Marine Life Center,Washington Sea Grant,7
Feiro Marine Life Center,NOAA,9
Feiro Marine Life Center,NOSC,1
Feiro Marine Life Center,Northwest Straits Commission,10
Feiro Marine Life Center,NWFSC,4
Feiro Marine Life Center,WDOE,7
Feiro Marine Life Center,NatureBridge,2
Feiro Marine Life Center,WDFW,5
Feiro Marine Life Center,NWIFC,2
Feiro Marine Life Center,WSP,4
Feiro Marine Life Center,NMFS,2
Feiro Marine Life Center,Clallam County,6
Feiro Marine Life Center,WWU/Huxley College on the Peninsulas,3
Feiro Marine Life Center,WDNR,9
Feiro Marine Life Center,NPS,5
Feiro Marine Life Center,USEPA,1
Feiro Marine Life Center,PNNL,6
Feiro Marine Life Center,Surfrider Foundation,8
Feiro Marine Life Center,Seattle Aquarium,2
Feiro Marine Life Center,Seattle Audubon,1
Feiro Marine Life Center,UW,1
Feiro Marine Life Center,WWU,1
Feiro Marine Life Center,SeaDoc Society,1
Feiro Marine Life Center,The Nature Conservancy,1
Feiro Marine Life Center,Port Townsend Marine Science Center,1
Feiro Marine Life Center,USFS,1
Friends of the Issaquah Salmon Hatchery,WSP,12
Friends of the Issaquah Salmon Hatchery,NWIFC,4
Friends of the Issaquah Salmon Hatchery,PSP,6
Friends of the Issaquah Salmon Hatchery,WDOE,2
Friends of the Issaquah Salmon Hatchery,King Conservation District,1
Friends of the Issaquah Salmon Hatchery,Trout Unlimited,1
Friends of the Issaquah Salmon Hatchery,Taylor Shellfish Farms,2
Friends of the Issaquah Salmon Hatchery,USFS,1
Friends of the Issaquah Salmon Hatchery,WDFW,8
Friends of the Issaquah Salmon Hatchery,WDNR,2
Friends of the Issaquah Salmon Hatchery,Sound Salmon Solutions,2
Friends of the Issaquah Salmon Hatchery,Puget Soundkeeper Alliance ,1
Friends of the Issaquah Salmon Hatchery,NMFS,1
Friends of the Issaquah Salmon Hatchery,National Wildlife Federation,1
Friends of the Issaquah Salmon Hatchery,Washington Environmental Council,1
Futurewise,Feet First,8
Futurewise,City of Bellevue,7
Futurewise,WDOE,17
Futurewise,Association of Washington Cities,1
Futurewise,Taylor Shellfish Farms,4
Futurewise,King County,14
Futurewise,Washington Environmental Council,17
Futurewise,City of Everett,2
Futurewise,Pierce County,3
Futurewise,Seattle Aquarium,1
Futurewise,PSP,6
Futurewise,City of Seattle,4
Futurewise,OrcaNet,1
Futurewise,City of Redmond,1
Futurewise,Skagit County,1
Futurewise,City of Bremerton,2
Futurewise,UW Tacoma,1
Futurewise,Nisqually River Council,1
Futurewise,Nisqually Tribe,1
Futurewise,City of Bothell,1
Futurewise,National Wildlife Federation,1
Futurewise,Surfrider Foundation,1
Futurewise,UW,4
Futurewise,Snohomish County,1
Harbor Wildwatch,WDNR,1
Harbor Wildwatch,OrcaNet,1
Harbor Wildwatch,National Wildlife Federation,2
Hood Canal Salmon Enhancement,NWFSC,1
Hood Canal Salmon Enhancement,WDNR,1
Hood Canal Salmon Enhancement,National Park Service,1
Hood Canal Salmon Enhancement,WDOE,1
Hood Canal Salmon Enhancement,NPS,2
Hood Canal Salmon Enhancement,WDFW,1
Hood Canal Salmon Enhancement,NWIFC,2
Hood Canal Salmon Enhancement,WSP,1
King Conservation District,Stewardship Partners,2
King Conservation District,WDNR,1
King Conservation District,NWIFC,2
King Conservation District,WDOE,2
King Conservation District,Friends of the Issaquah Salmon Hatchery,1
King Conservation District,King County,1
King Conservation District,WDOH,1
King Conservation District,Newcastle Weed Warriors,1
King Conservation District,WSP,1
King County,UW,19
King County,WDOE,9
King County,Pierce County,2
King County,Snohomish County,2
King County,USCG,1
King County,Environmental Coaliton of South Seattle,1
King County,WDNR,3
King County,City of Seattle,14
King County,City of Kirkland,2
King County,SPU,1
King County,City of Bellevue,3
King County,WA State Association of Counties,4
King County,The Nature Conservancy,1
King County,King Conservation District,1
King County,USEPA,2
King County,PSP,1
King County,WDOH,2
King County,City of Redmond,1
King County,USFS,1
Long Live the Kings,PSP,10
Long Live the Kings,The Nature Conservancy,1
Long Live the Kings,Pierce County,1
Long Live the Kings,San Juan County,1
Long Live the Kings,Skagit County,1
Long Live the Kings,UW,3
Long Live the Kings,Seattle Aquarium,8
Long Live the Kings,OrcaNet,2
Long Live the Kings,NMFS,4
Long Live the Kings,WWU,1
Long Live the Kings,WDOE,1
Long Live the Kings,Tulalip Tribe,1
Long Live the Kings,NWIFC,2
Long Live the Kings,SeaDoc Society,1
Long Live the Kings,Northwest Straits Commission,1
Long Live the Kings,WDFW,1
Long Live the Kings,Taylor Shellfish Farms,1
Long Live the Kings,Trout Unlimited,2
Long Live the Kings,NWFSC,1
Mason County,WDOH,12
Mason County,USEPA,4
Mason County,USDA,1
National Park Service,NPS,27
National Park Service,Feiro Marine Life Center,1
National Park Service,NatureBridge,2
National Park Service,Sierra Club,1
National Park Service,Clallam County,1
National Park Service,WSP,1
National Park Service,NOAA,1
National Wildlife Federation,USEPA,19
National Wildlife Federation,USFWS,9
National Wildlife Federation,The Nature Conservancy,5
National Wildlife Federation,Sierra Club,4
National Wildlife Federation,NPS,6
National Wildlife Federation,Trout Unlimited,3
National Wildlife Federation,NMFS,6
National Wildlife Federation,NOAA,5
National Wildlife Federation,USDA,1
National Wildlife Federation,Surfrider Foundation,1
NatureBridge,NPS,70
NatureBridge,National Park Service,26
NatureBridge,National Wildlife Federation,18
NatureBridge,Sierra Club,8
NatureBridge,The Nature Conservancy,10
NatureBridge,USFS,2
NatureBridge,Stanford,3
NatureBridge,Feiro Marine Life Center,2
NatureBridge,NOAA,4
NatureBridge,USDA,1
NatureBridge,NWFSC,1
NatureBridge,Seattle Aquarium,1
NatureBridge,USEPA,1
NatureBridge,Trout Unlimited,1
NatureBridge,Sound Experience,1
Newcastle Weed Warriors,NMFS,1
Newcastle Weed Warriors,Washington Environmental Council,1
Newcastle Weed Warriors,City of Newcastle,1
Newcastle Weed Warriors,King Conservation District,2
Newcastle Weed Warriors,NOAA,1
Newcastle Weed Warriors,King County,1
Nisqually River Council,Pierce County,1
NMFS,NWFSC,54
NMFS,NOAA,375
NMFS,USCG,2
NMFS,The Nature Conservancy,2
NMFS,US Navy,1
NMFS,UW,1
NOAA,NMFS,173
NOAA,US Navy,3
NOAA,USCG,3
NOAA,NPS,2
NOAA,The Nature Conservancy,2
NOAA,USEPA,3
NOAA,NWFSC,1
Nooksack Salmon Enhancement Association,WDOE,2
Nooksack Salmon Enhancement Association,USFWS,1
Nooksack Salmon Enhancement Association,WWU/Huxley College on the Peninsulas,2
Nooksack Salmon Enhancement Association,WWU,1
Nooksack Salmon Enhancement Association,Trout Unlimited,5
Nooksack Salmon Enhancement Association,PSP,1
Nooksack Salmon Enhancement Association,WDFW,2
Nooksack Salmon Enhancement Association,WDNR,3
Nooksack Salmon Enhancement Association,NWIFC,2
Northwest Indian College,RE Sources,1
Northwest Indian College,Lummi Tribe,3
Northwest Indian College,WWU,1
Northwest Straits Commission,PSP,16
Northwest Straits Commission,Surfrider Foundation,1
Northwest Straits Commission,WDFW,10
Northwest Straits Commission,SeaDoc Society,5
Northwest Straits Commission,Feiro Marine Life Center,4
Northwest Straits Commission,Washington Sea Grant,7
Northwest Straits Commission,RE Sources,1
Northwest Straits Commission,Tulalip Tribe,1
Northwest Straits Commission,Puget Soundkeeper Alliance ,1
Northwest Straits Commission,WDNR,2
Northwest Straits Commission,Snohomish County,1
Northwest Straits Commission,USEPA,1
Northwest Straits Commission,NWFSC,2
Northwest Straits Commission,Seattle Aquarium,1
Northwest Straits Commission,NOAA,2
Northwest Straits Commission,UW,1
Northwest Straits Commission,Taylor Shellfish Farms,2
Northwest Straits Commission,Long Live the Kings,2
Northwest Straits Commission,Skagit County,1
Northwest Straits Commission,WSP,1
Northwest Straits Commission,WDOE,1
NPS,The Nature Conservancy,3
NPS,Sierra Club,20
NPS,USCG,3
NPS,USFWS,10
NPS,NOAA,4
NPS,USFS,6
NPS,National Park Service,5
NPS,National Wildlife Federation,4
NPS,NatureBridge,2
NPS,USACOE,1
NPS,NMFS,1
NPS,USEPA,1
NWFSC,NOAA,138
NWFSC,NMFS,153
NWFSC,WDFW,7
NWFSC,The Nature Conservancy,2
NWFSC,UW,17
NWFSC,Northwest Indian College,2
NWFSC,PSP,15
NWFSC,OrcaNet,16
NWFSC,Puget Sound Institute,3
NWFSC,Washington Sea Grant,13
NWFSC,USFS,1
NWFSC,Feiro Marine Life Center,1
NWFSC,USDA,1
NWFSC,Northwest Straits Commission,1
NWFSC,WDNR,3
NWFSC,NWIFC,4
NWFSC,Seattle Aquarium,7
NWFSC,King County,1
NWFSC,SeaDoc Society,1
NWFSC,US Navy,1
NWFSC,City of Seattle,1
NWFSC,Taylor Shellfish Farms,7
NWFSC,Stanford,2
NWFSC,Long Live the Kings,1
NWFSC,NatureBridge,1
NWFSC,Sound Experience,1
NWFSC,USEPA,1
NWFSC,Nooksack Salmon Enhancement Association,1
NWFSC,NPS,1
OrcaNet,WDFW,1
Pierce County,City of Puyallup,8
Pierce County,Port of Tacoma,3
Pierce County,WDOH,2
Pierce County,UW Tacoma,4
Pierce County,WDOE,2
Pierce County,Snohomish County,3
Pierce County,WDNR,1
Pierce County,City of Redmond,1
Pierce County,PSP,1
Pierce County,King County,1
PNNL,UW,24
PNNL,USDA,1
PNNL,NOAA,3
PNNL,Stanford,1
Point Defiance Zoo & Aquarium,Seattle Aquarium,1
Port of Tacoma,Citizens for a Healthy Bay,57
Port of Tacoma,UW Tacoma,4
Port of Tacoma,Pierce County,10
Port of Tacoma,PSP,2
Port of Tacoma,Puget Soundkeeper Alliance ,1
Port of Tacoma,NOAA,1
Port of Tacoma,UW,4
Port of Tacoma,City of Kent,1
Port of Tacoma,WDFW,1
Port of Tacoma,Point Defiance Zoo & Aquarium,3
Port of Tacoma,USEPA,9
Port of Tacoma,WDOE,1
Port Townsend Marine Science Center,WDFW,3
Port Townsend Marine Science Center,SeaDoc Society,4
Port Townsend Marine Science Center,WDNR,1
Port Townsend Marine Science Center,Seattle Aquarium,1
Port Townsend Marine Science Center,OrcaNet,11
Port Townsend Marine Science Center,WDOE,1
Port Townsend Marine Science Center,The Nature Conservancy,2
Port Townsend Marine Science Center,Surfrider Foundation,1
PSP,WDOE,85
PSP,Citizens for a Healthy Bay,6
PSP,NOAA,16
PSP,Northwest Straits Commission,14
PSP,Long Live the Kings,12
PSP,Washington Environmental Council,10
PSP,UW,2
PSP,WA State Association of Counties,1
PSP,The Nature Conservancy,4
PSP,Thurston Conservation District,1
PSP,Taylor Shellfish Farms,15
PSP,WDFW,13
PSP,Pierce County,5
PSP,San Juan County,2
PSP,Skagit County,4
PSP,Kitsap County,1
PSP,Puget Soundkeeper Alliance ,5
PSP,USEPA,7
PSP,Washington Sea Grant,5
PSP,NMFS,3
PSP,Seattle Aquarium,9
PSP,NWIFC,20
PSP,UW Tacoma,1
PSP,OrcaNet,3
PSP,NWFSC,7
PSP,WDNR,15
PSP,WWU/Huxley College on the Peninsulas,1
PSP,Skagit Land Trust,1
PSP,WSP,1
PSP,Puget Sound Institute,8
PSP,WWU,4
PSP,Association of Washington Cities,1
PSP,SeaDoc Society,3
PSP,Nooksack Salmon Enhancement Association,1
PSP,WDOH,5
PSP,King County,2
PSP,City of Seattle,2
PSP,National Wildlife Federation,1
PSP,Futurewise,3
PSP,City of Bellingham,4
PSP,Stewardship Partners,3
PSP,Port of Tacoma,2
PSP,Sound Experience,1
Puget Sound Institute,UW Tacoma,4
Puget Sound Institute,Citizens for a Healthy Bay,1
Puget Sound Institute,PSP,11
Puget Sound Institute,UW,2
Puget Sound Institute,NOAA,1
Puget Sound Institute,USEPA,3
Puget Sound Institute,WDNR,1
Puget Sound Institute,NWFSC,1
Puget Soundkeeper Alliance ,OrcaNet,10
Puget Soundkeeper Alliance ,UW,3
Puget Soundkeeper Alliance ,WDOE,17
Puget Soundkeeper Alliance ,Citizens for a Healthy Bay,9
Puget Soundkeeper Alliance ,NMFS,2
Puget Soundkeeper Alliance ,NWFSC,5
Puget Soundkeeper Alliance ,SeaDoc Society,2
Puget Soundkeeper Alliance ,Washington Sea Grant,5
Puget Soundkeeper Alliance ,Washington Environmental Council,19
Puget Soundkeeper Alliance ,NOAA,4
Puget Soundkeeper Alliance ,USFWS,1
Puget Soundkeeper Alliance ,USEPA,11
Puget Soundkeeper Alliance ,Northwest Straits Commission,5
Puget Soundkeeper Alliance ,Skagit County,1
Puget Soundkeeper Alliance ,Tulalip Tribe,1
Puget Soundkeeper Alliance ,Puget Sound Institute,1
Puget Soundkeeper Alliance ,RE Sources,5
Puget Soundkeeper Alliance ,Sierra Club,10
Puget Soundkeeper Alliance ,Seattle Audubon,2
Puget Soundkeeper Alliance ,Seattle Aquarium,4
Puget Soundkeeper Alliance ,NWIFC,12
Puget Soundkeeper Alliance ,WDFW,6
Puget Soundkeeper Alliance ,Stewardship Partners,2
Puget Soundkeeper Alliance ,National Wildlife Federation,2
Puget Soundkeeper Alliance ,PSP,9
Puget Soundkeeper Alliance ,WDNR,1
Puget Soundkeeper Alliance ,WSP,1
Puget Soundkeeper Alliance ,Sound Salmon Solutions,2
Puget Soundkeeper Alliance ,City of Seattle,1
Puget Soundkeeper Alliance ,NPS,1
Puget Soundkeeper Alliance ,Taylor Shellfish Farms,4
Puget Soundkeeper Alliance ,WDOH,1
Puget Soundkeeper Alliance ,Long Live the Kings,1
RE Sources,OrcaNet,1
RE Sources,WWU,1
Resource Media,City of Seattle,1
Resource Media,UW,1
Resource Media,The Nature Conservancy,4
Resource Media,Sierra Club,4
Resource Media,National Wildlife Federation,2
Resource Media,USEPA,4
SeaDoc Society,The Nature Conservancy,1
SeaDoc Society,NMFS,1
SeaDoc Society,Harbor Wildwatch,1
SeaDoc Society,NWIFC,3
SeaDoc Society,NOAA,1
SeaDoc Society,National Wildlife Federation,1
SeaDoc Society,WDNR,3
SeaDoc Society,Washington Environmental Council,1
SeaDoc Society,PSP,3
SeaDoc Society,Surfrider Foundation,4
SeaDoc Society,Seattle Aquarium,3
SeaDoc Society,WDOE,2
SeaDoc Society,Port Townsend Marine Science Center,4
Seattle Aquarium,SeaDoc Society,1
Seattle Aquarium,Puget Soundkeeper Alliance ,2
Seattle Aquarium,WDFW,1
Seattle Aquarium,Sound Experience,1
Seattle Aquarium,Taylor Shellfish Farms,1
Seattle Aquarium,NWFSC,2
Seattle Aquarium,Point Defiance Zoo & Aquarium,4
Seattle Aquarium,NOAA,3
Seattle Aquarium,WDOE,1
Seattle Aquarium,Harbor Wildwatch,2
Seattle Aquarium,UW,2
Seattle Aquarium,WSP,2
Seattle Audubon,Washington Sea Grant,1
Seattle Audubon,NWFSC,2
Seattle Audubon,WDOH,1
Seattle Audubon,WDFW,3
Seattle Audubon,WDOE,2
Seattle Audubon,King County,1
Seattle Audubon,Puget Soundkeeper Alliance ,3
Seattle Audubon,Washington Environmental Council,3
Seattle Audubon,Sierra Club,2
Seattle Audubon,NPS,2
Seattle Audubon,The Nature Conservancy,3
Seattle Audubon,Feiro Marine Life Center,1
Seattle Audubon,WWU/Huxley College on the Peninsulas,1
Seattle Audubon,UW,2
Seattle Audubon,National Wildlife Federation,1
Seattle Audubon,Seattle Aquarium,2
Seattle Audubon,Port Townsend Marine Science Center,2
Seattle Audubon,WSP,2
Sierra Club,USFWS,12
Sierra Club,USEPA,52
Sierra Club,USFS,3
Sierra Club,NOAA,3
Sierra Club,NPS,37
Sierra Club,USDA,1
Skagit Fisheries Enhancement,WDOE,2
Skagit Fisheries Enhancement,Skagit Land Trust,1
Skagit Fisheries Enhancement,NOAA,1
Skagit Fisheries Enhancement,OrcaNet,1
Skagit Fisheries Enhancement,Trout Unlimited,1
Skagit Fisheries Enhancement,Skagit County,1
Skagit Fisheries Enhancement,WDNR,1
Skagit Fisheries Enhancement,WDFW,1
Skagit Fisheries Enhancement,NWIFC,1
Skagit Land Trust,Northwest Straits Commission,1
Skagit Land Trust,RE Sources,1
Skagit Land Trust,Washington Sea Grant,1
Skagit Land Trust,NWIFC,1
Skagit Land Trust,Taylor Shellfish Farms,1
Skagit Land Trust,PSP,1
Snohomish County,City of Arlington,5
Snohomish County,City of Snohomish,2
Snohomish County,WDNR,3
Snohomish County,City of Bothell,1
Snohomish County,WA State Association of Counties,2
Snohomish County,Pierce County,8
Snohomish County,Skagit County,2
Snohomish County,City of Mukilteo,2
Snohomish County,WDOE,7
Snohomish County,City of Bellevue,1
Snohomish County,King County,2
Snohomish County,City of Everett,12
Snohomish County,UW,1
Snohomish County,NOAA,1
Snohomish County,USDA,4
Snohomish County,USACOE,2
Sound Experience,Seattle Aquarium,17
Sound Experience,OrcaNet,4
Sound Experience,WDNR,1
Sound Experience,Port of Tacoma,1
Sound Experience,NatureBridge,4
Sound Experience,NPS,5
Sound Experience,Port Townsend Marine Science Center,8
Sound Experience,PSP,2
Sound Experience,WDOE,6
Sound Experience,WDFW,1
Sound Experience,NWIFC,1
Sound Salmon Solutions,King Conservation District,1
Sound Salmon Solutions,Trout Unlimited,1
Sound Salmon Solutions,WDOE,1
Sound Salmon Solutions,Taylor Shellfish Farms,2
Sound Salmon Solutions,NOAA,1
Sound Salmon Solutions,NWIFC,1
Sound Salmon Solutions,USEPA,3
Sound Salmon Solutions,Washington Environmental Council,2
Sound Salmon Solutions,The Nature Conservancy,1
Sound Salmon Solutions,National Wildlife Federation,1
Sound Salmon Solutions,City of Snohomish,1
Sound Salmon Solutions,PSP,2
SPU,UW,2
SPU,WWU,1
Stewardship Partners,City of Seattle,2
Stewardship Partners,King Conservation District,1
Stewardship Partners,Puget Soundkeeper Alliance ,5
Stewardship Partners,UW,2
Stewardship Partners,Kitsap County,1
Stewardship Partners,WDOE,6
Stewardship Partners,Nisqually River Council,1
Stewardship Partners,NWIFC,5
Stewardship Partners,Sound Salmon Solutions,1
Stewardship Partners,Friends of the Issaquah Salmon Hatchery,2
Stewardship Partners,WDFW,1
Stewardship Partners,King County,1
Stewardship Partners,City of Puyallup,1
Stewardship Partners,Long Live the Kings,1
Stewardship Partners,PSP,4
Stewardship Partners,Seattle Aquarium,1
Stewardship Partners,Washington Environmental Council,1
Stewardship Partners,The Nature Conservancy,1
Stewardship Partners,Skagit Land Trust,1
Stewardship Partners,National Wildlife Federation,1
Surfrider Foundation,The Nature Conservancy,2
Surfrider Foundation,NOAA,9
Surfrider Foundation,USEPA,13
Surfrider Foundation,Stanford,2
Taylor Shellfish Farms,Citizens for a Healthy Bay,2
Taylor Shellfish Farms,Puget Soundkeeper Alliance ,2
Taylor Shellfish Farms,Washington Environmental Council,2
Taylor Shellfish Farms,NMFS,2
Taylor Shellfish Farms,NOAA,18
Taylor Shellfish Farms,Seattle Aquarium,3
Taylor Shellfish Farms,WSP,5
Taylor Shellfish Farms,NWIFC,6
Taylor Shellfish Farms,USEPA,2
Taylor Shellfish Farms,NWFSC,2
Taylor Shellfish Farms,PSP,24
Taylor Shellfish Farms,City of Seattle,2
Taylor Shellfish Farms,Skagit Land Trust,2
Taylor Shellfish Farms,Sound Experience,3
Taylor Shellfish Farms,NatureBridge,1
Taylor Shellfish Farms,WDOE,3
Taylor Shellfish Farms,Port Townsend Marine Science Center,1
Taylor Shellfish Farms,Futurewise,1
Taylor Shellfish Farms,The Nature Conservancy,5
Taylor Shellfish Farms,Surfrider Foundation,2
Taylor Shellfish Farms,Friends of the Issaquah Salmon Hatchery,1
The Nature Conservancy,USDA,1
The Nature Conservancy,NPS,5
The Nature Conservancy,USFWS,2
The Nature Conservancy,WDNR,1
The Nature Conservancy,NOAA,5
The Nature Conservancy,USFS,2
The Nature Conservancy,NMFS,1
The Nature Conservancy,Seattle Aquarium,6
The Nature Conservancy,Surfrider Foundation,1
Thurston Conservation District,The Nature Conservancy,1
Thurston Conservation District,USDA,1
Thurston County,City of Lacey,2
Trout Unlimited,NMFS,3
Trout Unlimited,NPS,9
Trout Unlimited,USFS,33
Trout Unlimited,USEPA,39
Trout Unlimited,National Wildlife Federation,26
Trout Unlimited,USFWS,3
Trout Unlimited,The Nature Conservancy,13
Trout Unlimited,WDFW,1
Trout Unlimited,NOAA,4
Trout Unlimited,USDA,3
Trout Unlimited,Nooksack Salmon Enhancement Association,1
Trout Unlimited,WDOE,1
US Navy,USCG,13
US Navy,NOAA,3
US Navy,USDA,2
USACOE,NOAA,5
USACOE,USFS,1
USACOE,NPS,1
USACOE,USCG,1
USACOE,US Navy,3
USACOE,USEPA,1
USCG,US Navy,62
USCG,NOAA,15
USCG,NPS,4
USCG,USACOE,1
USDA,USFS,75
USDA,US Navy,2
USDA,USEPA,10
USDA,NPS,2
USDA,USCG,1
USDA,USACOE,2
USEPA,NOAA,10
USEPA,USDA,6
USEPA,US Navy,1
USEPA,USFS,1
USEPA,USFWS,1
USEPA,USACOE,4
USEPA,WDOE,2
USEPA,City of Seattle,1
USEPA,NPS,3
USEPA,Northwest Indian College,2
USEPA,City of Puyallup,1
USFS,USDA,37
USFS,NPS,5
USFS,USFWS,4
USFS,The Nature Conservancy,4
USFS,Sierra Club,1
USFS,NOAA,1
USFS,Trout Unlimited,1
USFWS,USDA,6
USFWS,The Nature Conservancy,4
USFWS,Seattle Aquarium,1
USFWS,NPS,21
USFWS,WDNR,1
USFWS,National Wildlife Federation,20
USFWS,WDFW,4
USFWS,NOAA,4
USFWS,NMFS,9
USFWS,National Park Service,1
USFWS,WSP,1
USFWS,USFS,8
USFWS,USEPA,2
USFWS,USCG,1
USFWS,US Navy,1
USFWS,USACOE,1
UW,UW Tacoma,17
UW,Puget Sound Institute,1
UW,City of Seattle,5
UW,King County,1
UW,Washington Sea Grant,1
UW,PNNL,1
UW,PSP,1
UW,Stanford,2
UW,WWU,2
UW,NOAA,2
UW,Port of Tacoma,1
UW,Seattle Audubon,1
UW Tacoma,UW,82
UW Tacoma,Point Defiance Zoo & Aquarium,3
UW Tacoma,Citizens for a Healthy Bay,5
UW Tacoma,USEPA,1
UW Tacoma,WDOE,1
UW Tacoma,Port of Tacoma,2
UW Tacoma,Puget Sound Institute,2
UW Tacoma,Pierce County,2
UW Tacoma,PNNL,3
UW Tacoma,WWU,4
UW Tacoma,Seattle Aquarium,1
WA State Association of Counties,Pierce County,4
WA State Association of Counties,Thurston County,3
WA State Association of Counties,PSP,1
WA State Association of Counties,Taylor Shellfish Farms,1
WA State Association of Counties,Association of Washington Cities,20
WA State Association of Counties,Clallam County,1
WA State Association of Counties,Snohomish County,6
WA State Association of Counties,King County,9
WA State Association of Counties,WDOE,2
WA State Association of Counties,Skagit County,3
WA State Association of Counties,Kitsap County,7
WA State Association of Counties,WDFW,1
WA State Association of Counties,WDNR,4
WA State Association of Counties,USEPA,2
WA State Association of Counties,USACOE,2
WA State Association of Counties,WDOH,2
WA State Association of Counties,City of Olympia,1
WA State Association of Counties,WWU,1
WA State Association of Counties,Futurewise,1
Washington Environmental Council,Lummi Tribe,10
Washington Environmental Council,Taylor Shellfish Farms,6
Washington Environmental Council,King County,5
Washington Environmental Council,City of Seattle,7
Washington Environmental Council,WDOE,40
Washington Environmental Council,Futurewise,15
Washington Environmental Council,Environmental Coaliton of South Seattle,4
Washington Environmental Council,Stewardship Partners,4
Washington Environmental Council,Puget Soundkeeper Alliance ,21
Washington Environmental Council,USEPA,16
Washington Environmental Council,PSP,13
Washington Environmental Council,UW,3
Washington Environmental Council,WA State Association of Counties,1
Washington Environmental Council,Seattle Aquarium,6
Washington Environmental Council,NOAA,1
Washington Environmental Council,Sierra Club,12
Washington Environmental Council,Seattle Audubon,3
Washington Environmental Council,NPS,1
Washington Environmental Council,USACOE,2
Washington Environmental Council,NMFS,2
Washington Environmental Council,WDNR,10
Washington Environmental Council,Northwest Straits Commission,1
Washington Environmental Council,NWIFC,3
Washington Environmental Council,RE Sources,3
Washington Environmental Council,Feet First,2
Washington Environmental Council,Skagit County,1
Washington Environmental Council,Vashon Beach Naturalists,2
Washington Environmental Council,National Wildlife Federation,1
Washington Environmental Council,WWU/Huxley College on the Peninsulas,1
Washington Environmental Council,Long Live the Kings,1
Washington Environmental Council,OrcaNet,2
Washington Environmental Council,Nisqually River Council,1
Washington Environmental Council,SeaDoc Society,2
Washington Environmental Council,The Nature Conservancy,1
Washington Sea Grant,WDFW,21
Washington Sea Grant,NOAA,38
Washington Sea Grant,UW,26
Washington Sea Grant,NPS,2
Washington Sea Grant,The Nature Conservancy,3
Washington Sea Grant,USEPA,7
Washington Sea Grant,NWFSC,16
Washington Sea Grant,WDOE,51
Washington Sea Grant,NMFS,25
Washington Sea Grant,Puget Soundkeeper Alliance ,1
Washington Sea Grant,Seattle Aquarium,9
Washington Sea Grant,PSP,22
Washington Sea Grant,USFWS,1
Washington Sea Grant,WDOH,10
Washington Sea Grant,Taylor Shellfish Farms,8
Washington Sea Grant,King County,6
Washington Sea Grant,Seattle Audubon,1
Washington Sea Grant,City of Olympia,1
Washington Sea Grant,Sierra Club,2
Washington Sea Grant,WWU,5
Washington Sea Grant,Surfrider Foundation,1
Washington Sea Grant,WSP,8
Washington Sea Grant,Feiro Marine Life Center,4
Washington Sea Grant,UW Tacoma,1
Washington Sea Grant,SeaDoc Society,3
Washington Sea Grant,Northwest Straits Commission,1
Washington Sea Grant,NWIFC,9
Washington Sea Grant,Puget Sound Institute,4
Washington Sea Grant,Futurewise,1
Washington Sea Grant,Citizens for a Healthy Bay,1
Washington Sea Grant,WDNR,12
Washington Sea Grant,Port Townsend Marine Science Center,1
Washington Sea Grant,WWU/Huxley College on the Peninsulas,1
Washington Sea Grant,PNNL,4
Washington Sea Grant,Port of Tacoma,1
Washington Sea Grant,Washington Environmental Council,1
Washington Sea Grant,Long Live the Kings,1
Washington Sea Grant,Lummi Tribe,1
Washington Sea Grant,USCG,1
WDFW,WDOE,21
WDFW,NWFSC,2
WDFW,Point Defiance Zoo & Aquarium,1
WDFW,PSP,4
WDFW,NPS,2
WDFW,Friends of the Issaquah Salmon Hatchery,3
WDFW,WDNR,16
WDFW,WSP,26
WDFW,National Wildlife Federation,4
WDFW,NOAA,2
WDFW,USFS,2
WDFW,Seattle Aquarium,1
WDFW,Snohomish County,1
WDFW,Washington Sea Grant,1
WDFW,NMFS,1
WDFW,NWIFC,2
WDFW,King County,1
WDFW,City of Seattle,1
WDFW,The Nature Conservancy,1
WDFW,Stewardship Partners,1
WDNR,City of Olympia,1
WDNR,City of Everett,1
WDNR,City of Bremerton,1
WDNR,USFWS,1
WDNR,WDFW,25
WDNR,WSP,27
WDNR,King County,2
WDNR,City of Seattle,2
WDNR,WDOE,42
WDNR,National Park Service,1
WDNR,USEPA,1
WDNR,Snohomish County,6
WDNR,Northwest Straits Commission,2
WDNR,WDOH,3
WDNR,NWFSC,1
WDNR,USFS,4
WDNR,NOAA,3
WDNR,City of Kirkland,1
WDNR,OrcaNet,3
WDNR,USDA,3
WDNR,WWU,1
WDNR,PSP,1
WDNR,US Navy,1
WDNR,NWIFC,1
WDNR,City of Puyallup,2
WDNR,NMFS,1
WDOE,USEPA,18
WDOE,USCG,4
WDOE,King County,1
WDOE,Pierce County,1
WDOE,UW,2
WDOE,Trout Unlimited,3
WDOE,WDFW,23
WDOE,NOAA,10
WDOE,WDNR,50
WDOE,NWFSC,2
WDOE,WDOH,12
WDOE,WSP,5
WDOE,USFS,6
WDOE,City of Everett,1
WDOE,Washington Sea Grant,6
WDOE,WWU,5
WDOE,WWU/Huxley College on the Peninsulas,2
WDOE,City of Seattle,2
WDOE,Lummi Tribe,1
WDOE,Snohomish County,3
WDOE,USDA,1
WDOE,Kitsap County,1
WDOE,The Nature Conservancy,1
WDOE,PSP,7
WDOE,NPS,1
WDOE,National Wildlife Federation,1
WDOE,Northwest Straits Commission,1
WDOE,Puget Soundkeeper Alliance ,1
WDOE,Washington Environmental Council,3
WDOE,NMFS,1
WDOE,PNNL,2
WDOE,Nooksack Salmon Enhancement Association,1
WDOH,WDOE,13
WDOH,USDA,9
WDOH,WDFW,3
WDOH,Pierce County,1
WDOH,Mason County,3
WDOH,WDNR,9
WDOH,UW,1
WDOH,Kitsap Public Health District,1
WDOH,Thurston County,1
WDOH,WSP,2
WDOH,King County,2
WDOH,City of Arlington,1
Whatcom County,City of Bellingham,1
WSP,Washington Sea Grant,2
WSP,NPS,7
WSP,WDFW,97
WSP,Northwest Straits Commission,1
WSP,WDOE,18
WSP,Skagit County,2
WSP,WDNR,37
WSP,USFS,1
WSP,City of Bainbridge Island,1
WSP,Trout Unlimited,1
WSP,Pierce County,1
WSP,City of Puyallup,1
WSP,Friends of the Issaquah Salmon Hatchery,2
WSP,Harbor Wildwatch,2
WSP,WDOH,2
WSP,Snohomish County,1
WSP,USCG,1
WSP,Taylor Shellfish Farms,2
WSP,Seattle Aquarium,1
WWU,WWU/Huxley College on the Peninsulas,18
WWU,City of Bellingham,8
WWU,USEPA,1
WWU,UW,8
WWU,Nooksack Salmon Enhancement Association,1
WWU,Northwest Indian College,3
WWU,WDOE,1
WWU,NOAA,1
WWU/Huxley College on the Peninsulas,WWU,141
WWU/Huxley College on the Peninsulas,The Nature Conservancy,2
WWU/Huxley College on the Peninsulas,NPS,1
WWU/Huxley College on the Peninsulas,WDOE,11
WWU/Huxley College on the Peninsulas,PSP,1
WWU/Huxley College on the Peninsulas,National Park Service,1
WWU/Huxley College on the Peninsulas,USEPA,5
WWU/Huxley College on the Peninsulas,Northwest Indian College,2
WWU/Huxley College on the Peninsulas,Nooksack Salmon Enhancement Association,4
WWU/Huxley College on the Peninsulas,Puget Soundkeeper Alliance ,2
WWU/Huxley College on the Peninsulas,WDFW,3
WWU/Huxley College on the Peninsulas,NOAA,1
WWU/Huxley College on the Peninsulas,WDNR,3
WWU/Huxley College on the Peninsulas,Northwest Straits Commission,3
WWU/Huxley College on the Peninsulas,RE Sources,1
WWU/Huxley College on the Peninsulas,Feiro Marine Life Center,2
WWU/Huxley College on the Peninsulas,Washington Environmental Council,1
WWU/Huxley College on the Peninsulas,NWIFC,1
WWU/Huxley College on the Peninsulas,UW,1
WWU/Huxley College on the Peninsulas,USDA,1
WWU/Huxley College on the Peninsulas,Sierra Club,5
WWU/Huxley College on the Peninsulas,Seattle Audubon,1
WWU/Huxley College on the Peninsulas,National Wildlife Federation,9
WWU/Huxley College on the Peninsulas,USFS,1
WWU/Huxley College on the Peninsulas,Washington Sea Grant,1
WWU/Huxley College on the Peninsulas,King County,1
WWU/Huxley College on the Peninsulas,WSP,1
